0.10 -0.16 -0.98
0.00 0.00 0.00
-0.82 -0.40 -0.42
0.50 0.36 0.79
-0.66 0.22 0.72
0.56 0.59 0.57
0.75 -0.40 -0.52
0.81 0.14 -0.56
-0.62 -0.78 0.12
-0.31 -0.38 -0.87
0.98 0.07 -0.16
-0.41 -0.91 -0.11
-0.05 -0.08 -1.00
0.71 0.23 -0.66
0.88 -0.08 -0.47
-0.98 -0.13 -0.14
0.77 -0.16 -0.61
0.91 -0.18 -0.36
-0.74 -0.45 -0.51
-0.59 0.07 -0.81
-0.56 0.59 -0.57
1.00 0.02 0.04
-0.96 -0.16 0.22
0.72 0.07 0.69
-0.83 0.02 0.56
0.97 -0.11 -0.20
0.92 0.29 0.27
-0.77 0.56 0.31
0.62 0.39 0.68
-0.30 -0.63 0.71
-0.77 0.51 0.37
-0.95 -0.27 0.14
0.23 0.89 -0.39
0.34 0.93 0.13
-0.11 0.14 0.98
-0.97 0.01 -0.24
0.00 0.00 0.00
0.99 0.09 0.06
-0.95 0.17 0.25
-0.12 0.14 0.98
-0.92 -0.09 0.38
-0.62 -0.03 -0.78
-0.58 -0.09 -0.81
0.58 -0.69 0.43
0.73 -0.12 -0.68
-0.86 0.05 -0.51
0.74 -0.63 -0.24
0.32 -0.10 -0.94
-0.55 0.33 -0.77
-0.95 -0.23 -0.23
0.96 0.23 0.14
-0.25 -0.48 -0.84
-0.91 -0.26 -0.33
0.69 0.07 -0.72
0.56 0.14 -0.82
0.81 0.14 0.57
-0.82 0.46 -0.33
0.81 0.01 0.59
-0.93 -0.18 0.31
0.79 0.05 0.61
-0.97 -0.16 -0.16
-0.91 0.32 -0.27
0.67 0.65 0.36
-0.65 0.36 0.67
0.36 -0.56 0.75
0.57 0.68 0.46
0.91 -0.15 0.39
-0.41 0.77 -0.49
-0.64 0.74 0.20
0.03 0.32 0.95
0.95 0.29 -0.08
